(kicad_pcb (version 20171130) (host pcbnew "(5.1.5-0-10_14)")

  (general
    (thickness 1.6)
    (drawings 383)
    (tracks 177)
    (zones 0)
    (modules 77)
    (nets 40)
  )

  (page A4)
  (layers
    (0 F.Cu signal)
    (31 B.Cu signal)
    (32 B.Adhes user)
    (33 F.Adhes user)
    (34 B.Paste user)
    (35 F.Paste user)
    (36 B.SilkS user)
    (37 F.SilkS user)
    (38 B.Mask user)
    (39 F.Mask user)
    (40 Dwgs.User user)
    (41 Cmts.User user)
    (42 Eco1.User user)
    (43 Eco2.User user)
    (44 Edge.Cuts user)
    (45 Margin user)
    (46 B.CrtYd user)
    (47 F.CrtYd user)
    (48 B.Fab user)
    (49 F.Fab user)
  )

  (setup
    (last_trace_width 0.25)
    (user_trace_width 0.254)
    (user_trace_width 0.381)
    (user_trace_width 0.508)
    (user_trace_width 0.8128)
    (trace_clearance 0.2)
    (zone_clearance 0.508)
    (zone_45_only no)
    (trace_min 0.2)
    (via_size 0.8)
    (via_drill 0.4)
    (via_min_size 0.4)
    (via_min_drill 0.3)
    (uvia_size 0.3)
    (uvia_drill 0.1)
    (uvias_allowed no)
    (uvia_min_size 0.2)
    (uvia_min_drill 0.1)
    (edge_width 0.05)
    (segment_width 0.2)
    (pcb_text_width 0.3)
    (pcb_text_size 1.5 1.5)
    (mod_edge_width 0.12)
    (mod_text_size 1 1)
    (mod_text_width 0.15)
    (pad_size 1.524 1.524)
    (pad_drill 0.762)
    (pad_to_mask_clearance 0.051)
    (solder_mask_min_width 0.25)
    (aux_axis_origin 0 0)
    (visible_elements FFFDF77F)
    (pcbplotparams
      (layerselection 0x01040_7ffffffe)
      (usegerberextensions false)
      (usegerberattributes false)
      (usegerberadvancedattributes false)
      (creategerberjobfile false)
      (excludeedgelayer false)
      (linewidth 0.100000)
      (plotframeref false)
      (viasonmask false)
      (mode 1)
      (useauxorigin false)
      (hpglpennumber 1)
      (hpglpenspeed 20)
      (hpglpendiameter 15.000000)
      (psnegative false)
      (psa4output false)
      (plotreference true)
      (plotvalue true)
      (plotinvisibletext false)
      (padsonsilk false)
      (subtractmaskfromsilk false)
      (outputformat 5)
      (mirror false)
      (drillshape 2)
      (scaleselection 1)
      (outputdirectory ""))
  )

  (net 0 "")
  (net 1 "Net-(D1-Pad1)")
  (net 2 GND)
  (net 3 +5V)
  (net 4 "Net-(D1-Pad4)")
  (net 5 "Net-(D2-Pad4)")
  (net 6 "Net-(D3-Pad4)")
  (net 7 "Net-(D4-Pad4)")
  (net 8 "Net-(D5-Pad4)")
  (net 9 "Net-(D6-Pad4)")
  (net 10 "Net-(D7-Pad1)")
  (net 11 "Net-(D8-Pad1)")
  (net 12 "Net-(D10-Pad4)")
  (net 13 "Net-(D10-Pad1)")
  (net 14 "Net-(D11-Pad1)")
  (net 15 "Net-(D12-Pad1)")
  (net 16 "Net-(D13-Pad1)")
  (net 17 "Net-(D13-Pad4)")
  (net 18 "Net-(D14-Pad4)")
  (net 19 "Net-(D15-Pad4)")
  (net 20 "Net-(D16-Pad4)")
  (net 21 "Net-(D17-Pad4)")
  (net 22 "Net-(D19-Pad1)")
  (net 23 "Net-(D20-Pad1)")
  (net 24 "Net-(D21-Pad1)")
  (net 25 "Net-(D22-Pad1)")
  (net 26 "Net-(D23-Pad1)")
  (net 27 "Net-(D24-Pad1)")
  (net 28 "Net-(D25-Pad1)")
  (net 29 "Net-(D25-Pad4)")
  (net 30 "Net-(D26-Pad4)")
  (net 31 "Net-(D27-Pad4)")
  (net 32 "Net-(D28-Pad4)")
  (net 33 "Net-(D29-Pad4)")
  (net 34 "Net-(D31-Pad1)")
  (net 35 "Net-(D32-Pad1)")
  (net 36 "Net-(D33-Pad1)")
  (net 37 "Net-(D34-Pad1)")
  (net 38 "Net-(D35-Pad1)")
  (net 39 "Net-(D36-Pad1)")

  (net_class Default "This is the default net class."
    (clearance 0.2)
    (trace_width 0.25)
    (via_dia 0.8)
    (via_drill 0.4)
    (uvia_dia 0.3)
    (uvia_drill 0.1)
    (add_net +5V)
    (add_net GND)
    (add_net "Net-(D1-Pad1)")
    (add_net "Net-(D1-Pad4)")
    (add_net "Net-(D10-Pad1)")
    (add_net "Net-(D10-Pad4)")
    (add_net "Net-(D11-Pad1)")
    (add_net "Net-(D12-Pad1)")
    (add_net "Net-(D13-Pad1)")
    (add_net "Net-(D13-Pad4)")
    (add_net "Net-(D14-Pad4)")
    (add_net "Net-(D15-Pad4)")
    (add_net "Net-(D16-Pad4)")
    (add_net "Net-(D17-Pad4)")
    (add_net "Net-(D19-Pad1)")
    (add_net "Net-(D2-Pad4)")
    (add_net "Net-(D20-Pad1)")
    (add_net "Net-(D21-Pad1)")
    (add_net "Net-(D22-Pad1)")
    (add_net "Net-(D23-Pad1)")
    (add_net "Net-(D24-Pad1)")
    (add_net "Net-(D25-Pad1)")
    (add_net "Net-(D25-Pad4)")
    (add_net "Net-(D26-Pad4)")
    (add_net "Net-(D27-Pad4)")
    (add_net "Net-(D28-Pad4)")
    (add_net "Net-(D29-Pad4)")
    (add_net "Net-(D3-Pad4)")
    (add_net "Net-(D31-Pad1)")
    (add_net "Net-(D32-Pad1)")
    (add_net "Net-(D33-Pad1)")
    (add_net "Net-(D34-Pad1)")
    (add_net "Net-(D35-Pad1)")
    (add_net "Net-(D36-Pad1)")
    (add_net "Net-(D4-Pad4)")
    (add_net "Net-(D5-Pad4)")
    (add_net "Net-(D6-Pad4)")
    (add_net "Net-(D7-Pad1)")
    (add_net "Net-(D8-Pad1)")
  )

  (module MountingHole:MountingHole_2.5mm (layer F.Cu) (tedit 56D1B4CB) (tstamp 5E2E2F9B)
    (at 70 30)
    (descr "Mounting Hole 2.5mm, no annular")
    (tags "mounting hole 2.5mm no annular")
    (attr virtual)
    (fp_text reference M2.5 (at 0 2.5) (layer F.SilkS)
      (effects (font (size 1 1) (thickness 0.15)))
    )
    (fp_text value MountingHole_2.5mm (at 0 3.5) (layer F.Fab)
      (effects (font (size 1 1) (thickness 0.15)))
    )
    (fp_circle (center 0 0) (end 2.75 0) (layer F.CrtYd) (width 0.05))
    (fp_circle (center 0 0) (end 2.5 0) (layer Cmts.User) (width 0.15))
    (fp_text user %R (at 0.3 0) (layer F.Fab)
      (effects (font (size 1 1) (thickness 0.15)))
    )
    (pad 1 np_thru_hole circle (at 0 0) (size 2.5 2.5) (drill 2.5) (layers *.Cu *.Mask))
  )

  (module MountingHole:MountingHole_2.5mm locked (layer F.Cu) (tedit 56D1B4CB) (tstamp 5E2E2F77)
    (at 70 157)
    (descr "Mounting Hole 2.5mm, no annular")
    (tags "mounting hole 2.5mm no annular")
    (attr virtual)
    (fp_text reference M2.5 (at 0 3) (layer F.SilkS)
      (effects (font (size 1 1) (thickness 0.15)))
    )
    (fp_text value MountingHole_2.5mm (at 0 3.5) (layer F.Fab)
      (effects (font (size 1 1) (thickness 0.15)))
    )
    (fp_circle (center 0 0) (end 2.75 0) (layer F.CrtYd) (width 0.05))
    (fp_circle (center 0 0) (end 2.5 0) (layer Cmts.User) (width 0.15))
    (fp_text user %R (at 0.3 0) (layer F.Fab)
      (effects (font (size 1 1) (thickness 0.15)))
    )
    (pad 1 np_thru_hole circle (at 0 0) (size 2.5 2.5) (drill 2.5) (layers *.Cu *.Mask))
  )

  (module MountingHole:MountingHole_2.5mm (layer F.Cu) (tedit 56D1B4CB) (tstamp 5E2E2F53)
    (at 214.5 157)
    (descr "Mounting Hole 2.5mm, no annular")
    (tags "mounting hole 2.5mm no annular")
    (attr virtual)
    (fp_text reference M2.5 (at 0 3) (layer F.SilkS)
      (effects (font (size 1 1) (thickness 0.15)))
    )
    (fp_text value MountingHole_2.5mm (at 0 3.5) (layer F.Fab)
      (effects (font (size 1 1) (thickness 0.15)))
    )
    (fp_circle (center 0 0) (end 2.75 0) (layer F.CrtYd) (width 0.05))
    (fp_circle (center 0 0) (end 2.5 0) (layer Cmts.User) (width 0.15))
    (fp_text user %R (at 0.3 0) (layer F.Fab)
      (effects (font (size 1 1) (thickness 0.15)))
    )
    (pad 1 np_thru_hole circle (at 0 0) (size 2.5 2.5) (drill 2.5) (layers *.Cu *.Mask))
  )

  (module MountingHole:MountingHole_2.5mm (layer F.Cu) (tedit 56D1B4CB) (tstamp 5E3A3111)
    (at 214.5 30)
    (descr "Mounting Hole 2.5mm, no annular")
    (tags "mounting hole 2.5mm no annular")
    (attr virtual)
    (fp_text reference M2.5 (at 0 2.5) (layer F.SilkS)
      (effects (font (size 1 1) (thickness 0.15)))
    )
    (fp_text value MountingHole_2.5mm (at 0 3.5) (layer F.Fab)
      (effects (font (size 1 1) (thickness 0.15)))
    )
    (fp_circle (center 0 0) (end 2.75 0) (layer F.CrtYd) (width 0.05))
    (fp_circle (center 0 0) (end 2.5 0) (layer Cmts.User) (width 0.15))
    (fp_text user %R (at 0.3 0) (layer F.Fab)
      (effects (font (size 1 1) (thickness 0.15)))
    )
    (pad 1 np_thru_hole circle (at 0 0) (size 2.5 2.5) (drill 2.5) (layers *.Cu *.Mask))
  )

  (module LED_THT:LED_D5.0mm-4_RGB (layer F.Cu) (tedit 5B74EEBE) (tstamp 5E1D445D)
    (at 205.74 158.75 90)
    (descr "LED, diameter 5.0mm, 2 pins, diameter 5.0mm, 3 pins, diameter 5.0mm, 4 pins, http://www.kingbright.com/attachments/file/psearch/000/00/00/L-154A4SUREQBFZGEW(Ver.9A).pdf")
    (tags "LED diameter 5.0mm 2 pins diameter 5.0mm 3 pins diameter 5.0mm 4 pins RGB RGBLED")
    (path /5E1F7F6D)
    (fp_text reference D36 (at 1.905 -3.96 90) (layer F.SilkS)
      (effects (font (size 1 1) (thickness 0.15)))
    )
    (fp_text value NeoPixel_THT (at 1.905 3.96 90) (layer F.Fab)
      (effects (font (size 1 1) (thickness 0.15)))
    )
    (fp_text user %R (at 1.905 -3.96 90) (layer F.Fab)
      (effects (font (size 1 1) (thickness 0.15)))
    )
    (fp_line (start 5.15 -3.25) (end -1.35 -3.25) (layer F.CrtYd) (width 0.05))
    (fp_line (start 5.15 3.25) (end 5.15 -3.25) (layer F.CrtYd) (width 0.05))
    (fp_line (start -1.35 3.25) (end 5.15 3.25) (layer F.CrtYd) (width 0.05))
    (fp_line (start -1.35 -3.25) (end -1.35 3.25) (layer F.CrtYd) (width 0.05))
    (fp_line (start -0.655 1.08) (end -0.655 1.545) (layer F.SilkS) (width 0.12))
    (fp_line (start -0.655 -1.545) (end -0.655 -1.08) (layer F.SilkS) (width 0.12))
    (fp_line (start -0.595 -1.469694) (end -0.595 1.469694) (layer F.Fab) (width 0.1))
    (fp_circle (center 1.905 0) (end 4.405 0) (layer F.Fab) (width 0.1))
    (fp_arc (start 1.905 0) (end -0.349684 1.08) (angle -128.8) (layer F.SilkS) (width 0.12))
    (fp_arc (start 1.905 0) (end -0.349684 -1.08) (angle 128.8) (layer F.SilkS) (width 0.12))
    (fp_arc (start 1.905 0) (end -0.655 1.54483) (angle -127.7) (layer F.SilkS) (width 0.12))
    (fp_arc (start 1.905 0) (end -0.655 -1.54483) (angle 127.7) (layer F.SilkS) (width 0.12))
    (fp_arc (start 1.905 0) (end -0.595 -1.469694) (angle 299.1) (layer F.Fab) (width 0.1))
    (pad 4 thru_hole oval (at 3.81 0 90) (size 1.07 1.8) (drill 0.9) (layers *.Cu *.Mask)
      (net 38 "Net-(D35-Pad1)"))
    (pad 3 thru_hole oval (at 2.54 0 90) (size 1.07 1.8) (drill 0.9) (layers *.Cu *.Mask)
      (net 3 +5V))
    (pad 2 thru_hole oval (at 1.27 0 90) (size 1.07 1.8) (drill 0.9) (layers *.Cu *.Mask)
      (net 2 GND))
    (pad 1 thru_hole rect (at 0 0 90) (size 1.07 1.8) (drill 0.9) (layers *.Cu *.Mask)
      (net 39 "Net-(D36-Pad1)"))
    (model ${KISYS3DMOD}/LED_THT.3dshapes/LED_D5.0mm-4_RGB.wrl
      (at (xyz 0 0 0))
      (scale (xyz 1 1 1))
      (rotate (xyz 0 0 0))
    )
  )

  (module LED_THT:LED_D5.0mm-4_RGB (layer F.Cu) (tedit 5B74EEBE) (tstamp 5E1D415B)
    (at 78.74 27.94 270)
    (descr "LED, diameter 5.0mm, 2 pins, diameter 5.0mm, 3 pins, diameter 5.0mm, 4 pins, http://www.kingbright.com/attachments/file/psearch/000/00/00/L-154A4SUREQBFZGEW(Ver.9A).pdf")
    (tags "LED diameter 5.0mm 2 pins diameter 5.0mm 3 pins diameter 5.0mm 4 pins RGB RGBLED")
    (path /5E1B8F06)
    (fp_text reference D1 (at 1.905 -3.96 90) (layer F.SilkS)
      (effects (font (size 1 1) (thickness 0.15)))
    )
    (fp_text value NeoPixel_THT (at 1.905 3.96 90) (layer F.Fab)
      (effects (font (size 1 1) (thickness 0.15)))
    )
    (fp_arc (start 1.905 0) (end -0.595 -1.469694) (angle 299.1) (layer F.Fab) (width 0.1))
    (fp_arc (start 1.905 0) (end -0.655 -1.54483) (angle 127.7) (layer F.SilkS) (width 0.12))
    (fp_arc (start 1.905 0) (end -0.655 1.54483) (angle -127.7) (layer F.SilkS) (width 0.12))
    (fp_arc (start 1.905 0) (end -0.349684 -1.08) (angle 128.8) (layer F.SilkS) (width 0.12))
    (fp_arc (start 1.905 0) (end -0.349684 1.08) (angle -128.8) (layer F.SilkS) (width 0.12))
    (fp_circle (center 1.905 0) (end 4.405 0) (layer F.Fab) (width 0.1))
    (fp_line (start -0.595 -1.469694) (end -0.595 1.469694) (layer F.Fab) (width 0.1))
    (fp_line (start -0.655 -1.545) (end -0.655 -1.08) (layer F.SilkS) (width 0.12))
    (fp_line (start -0.655 1.08) (end -0.655 1.545) (layer F.SilkS) (width 0.12))
    (fp_line (start -1.35 -3.25) (end -1.35 3.25) (layer F.CrtYd) (width 0.05))
    (fp_line (start -1.35 3.25) (end 5.15 3.25) (layer F.CrtYd) (width 0.05))
    (fp_line (start 5.15 3.25) (end 5.15 -3.25) (layer F.CrtYd) (width 0.05))
    (fp_line (start 5.15 -3.25) (end -1.35 -3.25) (layer F.CrtYd) (width 0.05))
    (fp_text user %R (at 1.905 -3.96 90) (layer F.Fab)
      (effects (font (size 1 1) (thickness 0.15)))
    )
    (pad 1 thru_hole rect (at 0 0 270) (size 1.07 1.8) (drill 0.9) (layers *.Cu *.Mask)
      (net 1 "Net-(D1-Pad1)"))
    (pad 2 thru_hole oval (at 1.27 0 270) (size 1.07 1.8) (drill 0.9) (layers *.Cu *.Mask)
      (net 2 GND))
    (pad 3 thru_hole oval (at 2.54 0 270) (size 1.07 1.8) (drill 0.9) (layers *.Cu *.Mask)
      (net 3 +5V))
    (pad 4 thru_hole oval (at 3.81 0 270) (size 1.07 1.8) (drill 0.9) (layers *.Cu *.Mask)
      (net 4 "Net-(D1-Pad4)"))
    (model ${KISYS3DMOD}/LED_THT.3dshapes/LED_D5.0mm-4_RGB.wrl
      (at (xyz 0 0 0))
      (scale (xyz 1 1 1))
      (rotate (xyz 0 0 0))
    )
  )

  (module LED_THT:LED_D5.0mm-4_RGB (layer F.Cu) (tedit 5B74EEBE) (tstamp 5E1D4171)
    (at 78.74 53.34 270)
    (descr "LED, diameter 5.0mm, 2 pins, diameter 5.0mm, 3 pins, diameter 5.0mm, 4 pins, http://www.kingbright.com/attachments/file/psearch/000/00/00/L-154A4SUREQBFZGEW(Ver.9A).pdf")
    (tags "LED diameter 5.0mm 2 pins diameter 5.0mm 3 pins diameter 5.0mm 4 pins RGB RGBLED")
    (path /5E1BAD69)
    (fp_text reference D2 (at 1.905 -3.96 90) (layer F.SilkS)
      (effects (font (size 1 1) (thickness 0.15)))
    )
    (fp_text value NeoPixel_THT (at 1.905 3.96 90) (layer F.Fab)
      (effects (font (size 1 1) (thickness 0.15)))
    )
    (fp_text user %R (at 1.905 -3.96 90) (layer F.Fab)
      (effects (font (size 1 1) (thickness 0.15)))
    )
    (fp_line (start 5.15 -3.25) (end -1.35 -3.25) (layer F.CrtYd) (width 0.05))
    (fp_line (start 5.15 3.25) (end 5.15 -3.25) (layer F.CrtYd) (width 0.05))
    (fp_line (start -1.35 3.25) (end 5.15 3.25) (layer F.CrtYd) (width 0.05))
    (fp_line (start -1.35 -3.25) (end -1.35 3.25) (layer F.CrtYd) (width 0.05))
    (fp_line (start -0.655 1.08) (end -0.655 1.545) (layer F.SilkS) (width 0.12))
    (fp_line (start -0.655 -1.545) (end -0.655 -1.08) (layer F.SilkS) (width 0.12))
    (fp_line (start -0.595 -1.469694) (end -0.595 1.469694) (layer F.Fab) (width 0.1))
    (fp_circle (center 1.905 0) (end 4.405 0) (layer F.Fab) (width 0.1))
    (fp_arc (start 1.905 0) (end -0.349684 1.08) (angle -128.8) (layer F.SilkS) (width 0.12))
    (fp_arc (start 1.905 0) (end -0.349684 -1.08) (angle 128.8) (layer F.SilkS) (width 0.12))
    (fp_arc (start 1.905 0) (end -0.655 1.54483) (angle -127.7) (layer F.SilkS) (width 0.12))
    (fp_arc (start 1.905 0) (end -0.655 -1.54483) (angle 127.7) (layer F.SilkS) (width 0.12))
    (fp_arc (start 1.905 0) (end -0.595 -1.469694) (angle 299.1) (layer F.Fab) (width 0.1))
    (pad 4 thru_hole oval (at 3.81 0 270) (size 1.07 1.8) (drill 0.9) (layers *.Cu *.Mask)
      (net 5 "Net-(D2-Pad4)"))
    (pad 3 thru_hole oval (at 2.54 0 270) (size 1.07 1.8) (drill 0.9) (layers *.Cu *.Mask)
      (net 3 +5V))
    (pad 2 thru_hole oval (at 1.27 0 270) (size 1.07 1.8) (drill 0.9) (layers *.Cu *.Mask)
      (net 2 GND))
    (pad 1 thru_hole rect (at 0 0 270) (size 1.07 1.8) (drill 0.9) (layers *.Cu *.Mask)
      (net 4 "Net-(D1-Pad4)"))
    (model ${KISYS3DMOD}/LED_THT.3dshapes/LED_D5.0mm-4_RGB.wrl
      (at (xyz 0 0 0))
      (scale (xyz 1 1 1))
      (rotate (xyz 0 0 0))
    )
  )

  (module LED_THT:LED_D5.0mm-4_RGB (layer F.Cu) (tedit 5B74EEBE) (tstamp 5E1D4187)
    (at 78.74 78.74 270)
    (descr "LED, diameter 5.0mm, 2 pins, diameter 5.0mm, 3 pins, diameter 5.0mm, 4 pins, http://www.kingbright.com/attachments/file/psearch/000/00/00/L-154A4SUREQBFZGEW(Ver.9A).pdf")
    (tags "LED diameter 5.0mm 2 pins diameter 5.0mm 3 pins diameter 5.0mm 4 pins RGB RGBLED")
    (path /5E1BAEA0)
    (fp_text reference D3 (at 1.905 -3.96 90) (layer F.SilkS)
      (effects (font (size 1 1) (thickness 0.15)))
    )
    (fp_text value NeoPixel_THT (at 1.905 3.96 90) (layer F.Fab)
      (effects (font (size 1 1) (thickness 0.15)))
    )
    (fp_arc (start 1.905 0) (end -0.595 -1.469694) (angle 299.1) (layer F.Fab) (width 0.1))
    (fp_arc (start 1.905 0) (end -0.655 -1.54483) (angle 127.7) (layer F.SilkS) (width 0.12))
    (fp_arc (start 1.905 0) (end -0.655 1.54483) (angle -127.7) (layer F.SilkS) (width 0.12))
    (fp_arc (start 1.905 0) (end -0.349684 -1.08) (angle 128.8) (layer F.SilkS) (width 0.12))
    (fp_arc (start 1.905 0) (end -0.349684 1.08) (angle -128.8) (layer F.SilkS) (width 0.12))
    (fp_circle (center 1.905 0) (end 4.405 0) (layer F.Fab) (width 0.1))
    (fp_line (start -0.595 -1.469694) (end -0.595 1.469694) (layer F.Fab) (width 0.1))
    (fp_line (start -0.655 -1.545) (end -0.655 -1.08) (layer F.SilkS) (width 0.12))
    (fp_line (start -0.655 1.08) (end -0.655 1.545) (layer F.SilkS) (width 0.12))
    (fp_line (start -1.35 -3.25) (end -1.35 3.25) (layer F.CrtYd) (width 0.05))
    (fp_line (start -1.35 3.25) (end 5.15 3.25) (layer F.CrtYd) (width 0.05))
    (fp_line (start 5.15 3.25) (end 5.15 -3.25) (layer F.CrtYd) (width 0.05))
    (fp_line (start 5.15 -3.25) (end -1.35 -3.25) (layer F.CrtYd) (width 0.05))
    (fp_text user %R (at 1.905 -3.96 90) (layer F.Fab)
      (effects (font (size 1 1) (thickness 0.15)))
    )
    (pad 1 thru_hole rect (at 0 0 270) (size 1.07 1.8) (drill 0.9) (layers *.Cu *.Mask)
      (net 5 "Net-(D2-Pad4)"))
    (pad 2 thru_hole oval (at 1.27 0 270) (size 1.07 1.8) (drill 0.9) (layers *.Cu *.Mask)
      (net 2 GND))
    (pad 3 thru_hole oval (at 2.54 0 270) (size 1.07 1.8) (drill 0.9) (layers *.Cu *.Mask)
      (net 3 +5V))
    (pad 4 thru_hole oval (at 3.81 0 270) (size 1.07 1.8) (drill 0.9) (layers *.Cu *.Mask)
      (net 6 "Net-(D3-Pad4)"))
    (model ${KISYS3DMOD}/LED_THT.3dshapes/LED_D5.0mm-4_RGB.wrl
      (at (xyz 0 0 0))
      (scale (xyz 1 1 1))
      (rotate (xyz 0 0 0))
    )
  )

  (module LED_THT:LED_D5.0mm-4_RGB (layer F.Cu) (tedit 5B74EEBE) (tstamp 5E1D419D)
    (at 78.74 104.14 270)
    (descr "LED, diameter 5.0mm, 2 pins, diameter 5.0mm, 3 pins, diameter 5.0mm, 4 pins, http://www.kingbright.com/attachments/file/psearch/000/00/00/L-154A4SUREQBFZGEW(Ver.9A).pdf")
    (tags "LED diameter 5.0mm 2 pins diameter 5.0mm 3 pins diameter 5.0mm 4 pins RGB RGBLED")
    (path /5E1BF5F1)
    (fp_text reference D4 (at 1.905 -3.96 90) (layer F.SilkS)
      (effects (font (size 1 1) (thickness 0.15)))
    )
    (fp_text value NeoPixel_THT (at 1.905 3.96 90) (layer F.Fab)
      (effects (font (size 1 1) (thickness 0.15)))
    )
    (fp_text user %R (at 1.905 -3.96 90) (layer F.Fab)
      (effects (font (size 1 1) (thickness 0.15)))
    )
    (fp_line (start 5.15 -3.25) (end -1.35 -3.25) (layer F.CrtYd) (width 0.05))
    (fp_line (start 5.15 3.25) (end 5.15 -3.25) (layer F.CrtYd) (width 0.05))
    (fp_line (start -1.35 3.25) (end 5.15 3.25) (layer F.CrtYd) (width 0.05))
    (fp_line (start -1.35 -3.25) (end -1.35 3.25) (layer F.CrtYd) (width 0.05))
    (fp_line (start -0.655 1.08) (end -0.655 1.545) (layer F.SilkS) (width 0.12))
    (fp_line (start -0.655 -1.545) (end -0.655 -1.08) (layer F.SilkS) (width 0.12))
    (fp_line (start -0.595 -1.469694) (end -0.595 1.469694) (layer F.Fab) (width 0.1))
    (fp_circle (center 1.905 0) (end 4.405 0) (layer F.Fab) (width 0.1))
    (fp_arc (start 1.905 0) (end -0.349684 1.08) (angle -128.8) (layer F.SilkS) (width 0.12))
    (fp_arc (start 1.905 0) (end -0.349684 -1.08) (angle 128.8) (layer F.SilkS) (width 0.12))
    (fp_arc (start 1.905 0) (end -0.655 1.54483) (angle -127.7) (layer F.SilkS) (width 0.12))
    (fp_arc (start 1.905 0) (end -0.655 -1.54483) (angle 127.7) (layer F.SilkS) (width 0.12))
    (fp_arc (start 1.905 0) (end -0.595 -1.469694) (angle 299.1) (layer F.Fab) (width 0.1))
    (pad 4 thru_hole oval (at 3.81 0 270) (size 1.07 1.8) (drill 0.9) (layers *.Cu *.Mask)
      (net 7 "Net-(D4-Pad4)"))
    (pad 3 thru_hole oval (at 2.54 0 270) (size 1.07 1.8) (drill 0.9) (layers *.Cu *.Mask)
      (net 3 +5V))
    (pad 2 thru_hole oval (at 1.27 0 270) (size 1.07 1.8) (drill 0.9) (layers *.Cu *.Mask)
      (net 2 GND))
    (pad 1 thru_hole rect (at 0 0 270) (size 1.07 1.8) (drill 0.9) (layers *.Cu *.Mask)
      (net 6 "Net-(D3-Pad4)"))
    (model ${KISYS3DMOD}/LED_THT.3dshapes/LED_D5.0mm-4_RGB.wrl
      (at (xyz 0 0 0))
      (scale (xyz 1 1 1))
      (rotate (xyz 0 0 0))
    )
  )

  (module LED_THT:LED_D5.0mm-4_RGB (layer F.Cu) (tedit 5B74EEBE) (tstamp 5E1D41B3)
    (at 78.74 129.54 270)
    (descr "LED, diameter 5.0mm, 2 pins, diameter 5.0mm, 3 pins, diameter 5.0mm, 4 pins, http://www.kingbright.com/attachments/file/psearch/000/00/00/L-154A4SUREQBFZGEW(Ver.9A).pdf")
    (tags "LED diameter 5.0mm 2 pins diameter 5.0mm 3 pins diameter 5.0mm 4 pins RGB RGBLED")
    (path /5E1BF5F7)
    (fp_text reference D5 (at 1.905 -3.96 90) (layer F.SilkS)
      (effects (font (size 1 1) (thickness 0.15)))
    )
    (fp_text value NeoPixel_THT (at 1.905 3.96 90) (layer F.Fab)
      (effects (font (size 1 1) (thickness 0.15)))
    )
    (fp_text user %R (at 1.905 -3.96 90) (layer F.Fab)
      (effects (font (size 1 1) (thickness 0.15)))
    )
    (fp_line (start 5.15 -3.25) (end -1.35 -3.25) (layer F.CrtYd) (width 0.05))
    (fp_line (start 5.15 3.25) (end 5.15 -3.25) (layer F.CrtYd) (width 0.05))
    (fp_line (start -1.35 3.25) (end 5.15 3.25) (layer F.CrtYd) (width 0.05))
    (fp_line (start -1.35 -3.25) (end -1.35 3.25) (layer F.CrtYd) (width 0.05))
    (fp_line (start -0.655 1.08) (end -0.655 1.545) (layer F.SilkS) (width 0.12))
    (fp_line (start -0.655 -1.545) (end -0.655 -1.08) (layer F.SilkS) (width 0.12))
    (fp_line (start -0.595 -1.469694) (end -0.595 1.469694) (layer F.Fab) (width 0.1))
    (fp_circle (center 1.905 0) (end 4.405 0) (layer F.Fab) (width 0.1))
    (fp_arc (start 1.905 0) (end -0.349684 1.08) (angle -128.8) (layer F.SilkS) (width 0.12))
    (fp_arc (start 1.905 0) (end -0.349684 -1.08) (angle 128.8) (layer F.SilkS) (width 0.12))
    (fp_arc (start 1.905 0) (end -0.655 1.54483) (angle -127.7) (layer F.SilkS) (width 0.12))
    (fp_arc (start 1.905 0) (end -0.655 -1.54483) (angle 127.7) (layer F.SilkS) (width 0.12))
    (fp_arc (start 1.905 0) (end -0.595 -1.469694) (angle 299.1) (layer F.Fab) (width 0.1))
    (pad 4 thru_hole oval (at 3.81 0 270) (size 1.07 1.8) (drill 0.9) (layers *.Cu *.Mask)
      (net 8 "Net-(D5-Pad4)"))
    (pad 3 thru_hole oval (at 2.54 0 270) (size 1.07 1.8) (drill 0.9) (layers *.Cu *.Mask)
      (net 3 +5V))
    (pad 2 thru_hole oval (at 1.27 0 270) (size 1.07 1.8) (drill 0.9) (layers *.Cu *.Mask)
      (net 2 GND))
    (pad 1 thru_hole rect (at 0 0 270) (size 1.07 1.8) (drill 0.9) (layers *.Cu *.Mask)
      (net 7 "Net-(D4-Pad4)"))
    (model ${KISYS3DMOD}/LED_THT.3dshapes/LED_D5.0mm-4_RGB.wrl
      (at (xyz 0 0 0))
      (scale (xyz 1 1 1))
      (rotate (xyz 0 0 0))
    )
  )

  (module LED_THT:LED_D5.0mm-4_RGB (layer F.Cu) (tedit 5B74EEBE) (tstamp 5E1D41C9)
    (at 78.74 154.94 270)
    (descr "LED, diameter 5.0mm, 2 pins, diameter 5.0mm, 3 pins, diameter 5.0mm, 4 pins, http://www.kingbright.com/attachments/file/psearch/000/00/00/L-154A4SUREQBFZGEW(Ver.9A).pdf")
    (tags "LED diameter 5.0mm 2 pins diameter 5.0mm 3 pins diameter 5.0mm 4 pins RGB RGBLED")
    (path /5E1BF5FD)
    (fp_text reference D6 (at 1.905 -3.96 90) (layer F.SilkS)
      (effects (font (size 1 1) (thickness 0.15)))
    )
    (fp_text value NeoPixel_THT (at 1.905 3.96 90) (layer F.Fab)
      (effects (font (size 1 1) (thickness 0.15)))
    )
    (fp_text user %R (at 1.905 -3.96 90) (layer F.Fab)
      (effects (font (size 1 1) (thickness 0.15)))
    )
    (fp_line (start 5.15 -3.25) (end -1.35 -3.25) (layer F.CrtYd) (width 0.05))
    (fp_line (start 5.15 3.25) (end 5.15 -3.25) (layer F.CrtYd) (width 0.05))
    (fp_line (start -1.35 3.25) (end 5.15 3.25) (layer F.CrtYd) (width 0.05))
    (fp_line (start -1.35 -3.25) (end -1.35 3.25) (layer F.CrtYd) (width 0.05))
    (fp_line (start -0.655 1.08) (end -0.655 1.545) (layer F.SilkS) (width 0.12))
    (fp_line (start -0.655 -1.545) (end -0.655 -1.08) (layer F.SilkS) (width 0.12))
    (fp_line (start -0.595 -1.469694) (end -0.595 1.469694) (layer F.Fab) (width 0.1))
    (fp_circle (center 1.905 0) (end 4.405 0) (layer F.Fab) (width 0.1))
    (fp_arc (start 1.905 0) (end -0.349684 1.08) (angle -128.8) (layer F.SilkS) (width 0.12))
    (fp_arc (start 1.905 0) (end -0.349684 -1.08) (angle 128.8) (layer F.SilkS) (width 0.12))
    (fp_arc (start 1.905 0) (end -0.655 1.54483) (angle -127.7) (layer F.SilkS) (width 0.12))
    (fp_arc (start 1.905 0) (end -0.655 -1.54483) (angle 127.7) (layer F.SilkS) (width 0.12))
    (fp_arc (start 1.905 0) (end -0.595 -1.469694) (angle 299.1) (layer F.Fab) (width 0.1))
    (pad 4 thru_hole oval (at 3.81 0 270) (size 1.07 1.8) (drill 0.9) (layers *.Cu *.Mask)
      (net 9 "Net-(D6-Pad4)"))
    (pad 3 thru_hole oval (at 2.54 0 270) (size 1.07 1.8) (drill 0.9) (layers *.Cu *.Mask)
      (net 3 +5V))
    (pad 2 thru_hole oval (at 1.27 0 270) (size 1.07 1.8) (drill 0.9) (layers *.Cu *.Mask)
      (net 2 GND))
    (pad 1 thru_hole rect (at 0 0 270) (size 1.07 1.8) (drill 0.9) (layers *.Cu *.Mask)
      (net 8 "Net-(D5-Pad4)"))
    (model ${KISYS3DMOD}/LED_THT.3dshapes/LED_D5.0mm-4_RGB.wrl
      (at (xyz 0 0 0))
      (scale (xyz 1 1 1))
      (rotate (xyz 0 0 0))
    )
  )

  (module LED_THT:LED_D5.0mm-4_RGB (layer F.Cu) (tedit 5B74EEBE) (tstamp 5E1D41DF)
    (at 104.14 31.75 90)
    (descr "LED, diameter 5.0mm, 2 pins, diameter 5.0mm, 3 pins, diameter 5.0mm, 4 pins, http://www.kingbright.com/attachments/file/psearch/000/00/00/L-154A4SUREQBFZGEW(Ver.9A).pdf")
    (tags "LED diameter 5.0mm 2 pins diameter 5.0mm 3 pins diameter 5.0mm 4 pins RGB RGBLED")
    (path /5E1D7277)
    (fp_text reference D7 (at 1.905 -3.96 90) (layer F.SilkS)
      (effects (font (size 1 1) (thickness 0.15)))
    )
    (fp_text value NeoPixel_THT (at 1.905 3.96 90) (layer F.Fab)
      (effects (font (size 1 1) (thickness 0.15)))
    )
    (fp_arc (start 1.905 0) (end -0.595 -1.469694) (angle 299.1) (layer F.Fab) (width 0.1))
    (fp_arc (start 1.905 0) (end -0.655 -1.54483) (angle 127.7) (layer F.SilkS) (width 0.12))
    (fp_arc (start 1.905 0) (end -0.655 1.54483) (angle -127.7) (layer F.SilkS) (width 0.12))
    (fp_arc (start 1.905 0) (end -0.349684 -1.08) (angle 128.8) (layer F.SilkS) (width 0.12))
    (fp_arc (start 1.905 0) (end -0.349684 1.08) (angle -128.8) (layer F.SilkS) (width 0.12))
    (fp_circle (center 1.905 0) (end 4.405 0) (layer F.Fab) (width 0.1))
    (fp_line (start -0.595 -1.469694) (end -0.595 1.469694) (layer F.Fab) (width 0.1))
    (fp_line (start -0.655 -1.545) (end -0.655 -1.08) (layer F.SilkS) (width 0.12))
    (fp_line (start -0.655 1.08) (end -0.655 1.545) (layer F.SilkS) (width 0.12))
    (fp_line (start -1.35 -3.25) (end -1.35 3.25) (layer F.CrtYd) (width 0.05))
    (fp_line (start -1.35 3.25) (end 5.15 3.25) (layer F.CrtYd) (width 0.05))
    (fp_line (start 5.15 3.25) (end 5.15 -3.25) (layer F.CrtYd) (width 0.05))
    (fp_line (start 5.15 -3.25) (end -1.35 -3.25) (layer F.CrtYd) (width 0.05))
    (fp_text user %R (at 1.905 -3.96 90) (layer F.Fab)
      (effects (font (size 1 1) (thickness 0.15)))
    )
    (pad 1 thru_hole rect (at 0 0 90) (size 1.07 1.8) (drill 0.9) (layers *.Cu *.Mask)
      (net 10 "Net-(D7-Pad1)"))
    (pad 2 thru_hole oval (at 1.27 0 90) (size 1.07 1.8) (drill 0.9) (layers *.Cu *.Mask)
      (net 2 GND))
    (pad 3 thru_hole oval (at 2.54 0 90) (size 1.07 1.8) (drill 0.9) (layers *.Cu *.Mask)
      (net 3 +5V))
    (pad 4 thru_hole oval (at 3.81 0 90) (size 1.07 1.8) (drill 0.9) (layers *.Cu *.Mask)
      (net 1 "Net-(D1-Pad1)"))
    (model ${KISYS3DMOD}/LED_THT.3dshapes/LED_D5.0mm-4_RGB.wrl
      (at (xyz 0 0 0))
      (scale (xyz 1 1 1))
      (rotate (xyz 0 0 0))
    )
  )

  (module LED_THT:LED_D5.0mm-4_RGB (layer F.Cu) (tedit 5B74EEBE) (tstamp 5E1D41F5)
    (at 104.14 57.15 90)
    (descr "LED, diameter 5.0mm, 2 pins, diameter 5.0mm, 3 pins, diameter 5.0mm, 4 pins, http://www.kingbright.com/attachments/file/psearch/000/00/00/L-154A4SUREQBFZGEW(Ver.9A).pdf")
    (tags "LED diameter 5.0mm 2 pins diameter 5.0mm 3 pins diameter 5.0mm 4 pins RGB RGBLED")
    (path /5E1D727D)
    (fp_text reference D8 (at 1.905 -3.96 90) (layer F.SilkS)
      (effects (font (size 1 1) (thickness 0.15)))
    )
    (fp_text value NeoPixel_THT (at 1.905 3.96 90) (layer F.Fab)
      (effects (font (size 1 1) (thickness 0.15)))
    )
    (fp_text user %R (at 1.905 -3.96 90) (layer F.Fab)
      (effects (font (size 1 1) (thickness 0.15)))
    )
    (fp_line (start 5.15 -3.25) (end -1.35 -3.25) (layer F.CrtYd) (width 0.05))
    (fp_line (start 5.15 3.25) (end 5.15 -3.25) (layer F.CrtYd) (width 0.05))
    (fp_line (start -1.35 3.25) (end 5.15 3.25) (layer F.CrtYd) (width 0.05))
    (fp_line (start -1.35 -3.25) (end -1.35 3.25) (layer F.CrtYd) (width 0.05))
    (fp_line (start -0.655 1.08) (end -0.655 1.545) (layer F.SilkS) (width 0.12))
    (fp_line (start -0.655 -1.545) (end -0.655 -1.08) (layer F.SilkS) (width 0.12))
    (fp_line (start -0.595 -1.469694) (end -0.595 1.469694) (layer F.Fab) (width 0.1))
    (fp_circle (center 1.905 0) (end 4.405 0) (layer F.Fab) (width 0.1))
    (fp_arc (start 1.905 0) (end -0.349684 1.08) (angle -128.8) (layer F.SilkS) (width 0.12))
    (fp_arc (start 1.905 0) (end -0.349684 -1.08) (angle 128.8) (layer F.SilkS) (width 0.12))
    (fp_arc (start 1.905 0) (end -0.655 1.54483) (angle -127.7) (layer F.SilkS) (width 0.12))
    (fp_arc (start 1.905 0) (end -0.655 -1.54483) (angle 127.7) (layer F.SilkS) (width 0.12))
    (fp_arc (start 1.905 0) (end -0.595 -1.469694) (angle 299.1) (layer F.Fab) (width 0.1))
    (pad 4 thru_hole oval (at 3.81 0 90) (size 1.07 1.8) (drill 0.9) (layers *.Cu *.Mask)
      (net 10 "Net-(D7-Pad1)"))
    (pad 3 thru_hole oval (at 2.54 0 90) (size 1.07 1.8) (drill 0.9) (layers *.Cu *.Mask)
      (net 3 +5V))
    (pad 2 thru_hole oval (at 1.27 0 90) (size 1.07 1.8) (drill 0.9) (layers *.Cu *.Mask)
      (net 2 GND))
    (pad 1 thru_hole rect (at 0 0 90) (size 1.07 1.8) (drill 0.9) (layers *.Cu *.Mask)
      (net 11 "Net-(D8-Pad1)"))
    (model ${KISYS3DMOD}/LED_THT.3dshapes/LED_D5.0mm-4_RGB.wrl
      (at (xyz 0 0 0))
      (scale (xyz 1 1 1))
      (rotate (xyz 0 0 0))
    )
  )

  (module LED_THT:LED_D5.0mm-4_RGB (layer F.Cu) (tedit 5B74EEBE) (tstamp 5E1D420B)
    (at 104.14 82.55 90)
    (descr "LED, diameter 5.0mm, 2 pins, diameter 5.0mm, 3 pins, diameter 5.0mm, 4 pins, http://www.kingbright.com/attachments/file/psearch/000/00/00/L-154A4SUREQBFZGEW(Ver.9A).pdf")
    (tags "LED diameter 5.0mm 2 pins diameter 5.0mm 3 pins diameter 5.0mm 4 pins RGB RGBLED")
    (path /5E1D7283)
    (fp_text reference D9 (at 1.905 -3.96 90) (layer F.SilkS)
      (effects (font (size 1 1) (thickness 0.15)))
    )
    (fp_text value NeoPixel_THT (at 1.905 3.96 90) (layer F.Fab)
      (effects (font (size 1 1) (thickness 0.15)))
    )
    (fp_arc (start 1.905 0) (end -0.595 -1.469694) (angle 299.1) (layer F.Fab) (width 0.1))
    (fp_arc (start 1.905 0) (end -0.655 -1.54483) (angle 127.7) (layer F.SilkS) (width 0.12))
    (fp_arc (start 1.905 0) (end -0.655 1.54483) (angle -127.7) (layer F.SilkS) (width 0.12))
    (fp_arc (start 1.905 0) (end -0.349684 -1.08) (angle 128.8) (layer F.SilkS) (width 0.12))
    (fp_arc (start 1.905 0) (end -0.349684 1.08) (angle -128.8) (layer F.SilkS) (width 0.12))
    (fp_circle (center 1.905 0) (end 4.405 0) (layer F.Fab) (width 0.1))
    (fp_line (start -0.595 -1.469694) (end -0.595 1.469694) (layer F.Fab) (width 0.1))
    (fp_line (start -0.655 -1.545) (end -0.655 -1.08) (layer F.SilkS) (width 0.12))
    (fp_line (start -0.655 1.08) (end -0.655 1.545) (layer F.SilkS) (width 0.12))
    (fp_line (start -1.35 -3.25) (end -1.35 3.25) (layer F.CrtYd) (width 0.05))
    (fp_line (start -1.35 3.25) (end 5.15 3.25) (layer F.CrtYd) (width 0.05))
    (fp_line (start 5.15 3.25) (end 5.15 -3.25) (layer F.CrtYd) (width 0.05))
    (fp_line (start 5.15 -3.25) (end -1.35 -3.25) (layer F.CrtYd) (width 0.05))
    (fp_text user %R (at 1.905 -3.96 90) (layer F.Fab)
      (effects (font (size 1 1) (thickness 0.15)))
    )
    (pad 1 thru_hole rect (at 0 0 90) (size 1.07 1.8) (drill 0.9) (layers *.Cu *.Mask)
      (net 12 "Net-(D10-Pad4)"))
    (pad 2 thru_hole oval (at 1.27 0 90) (size 1.07 1.8) (drill 0.9) (layers *.Cu *.Mask)
      (net 2 GND))
    (pad 3 thru_hole oval (at 2.54 0 90) (size 1.07 1.8) (drill 0.9) (layers *.Cu *.Mask)
      (net 3 +5V))
    (pad 4 thru_hole oval (at 3.81 0 90) (size 1.07 1.8) (drill 0.9) (layers *.Cu *.Mask)
      (net 11 "Net-(D8-Pad1)"))
    (model ${KISYS3DMOD}/LED_THT.3dshapes/LED_D5.0mm-4_RGB.wrl
      (at (xyz 0 0 0))
      (scale (xyz 1 1 1))
      (rotate (xyz 0 0 0))
    )
  )

  (module LED_THT:LED_D5.0mm-4_RGB (layer F.Cu) (tedit 5B74EEBE) (tstamp 5E1D4221)
    (at 104.14 107.95 90)
    (descr "LED, diameter 5.0mm, 2 pins, diameter 5.0mm, 3 pins, diameter 5.0mm, 4 pins, http://www.kingbright.com/attachments/file/psearch/000/00/00/L-154A4SUREQBFZGEW(Ver.9A).pdf")
    (tags "LED diameter 5.0mm 2 pins diameter 5.0mm 3 pins diameter 5.0mm 4 pins RGB RGBLED")
    (path /5E1D7289)
    (fp_text reference D10 (at 1.905 -3.96 90) (layer F.SilkS)
      (effects (font (size 1 1) (thickness 0.15)))
    )
    (fp_text value NeoPixel_THT (at 1.905 3.96 90) (layer F.Fab)
      (effects (font (size 1 1) (thickness 0.15)))
    )
    (fp_text user %R (at 1.905 -3.96 90) (layer F.Fab)
      (effects (font (size 1 1) (thickness 0.15)))
    )
    (fp_line (start 5.15 -3.25) (end -1.35 -3.25) (layer F.CrtYd) (width 0.05))
    (fp_line (start 5.15 3.25) (end 5.15 -3.25) (layer F.CrtYd) (width 0.05))
    (fp_line (start -1.35 3.25) (end 5.15 3.25) (layer F.CrtYd) (width 0.05))
    (fp_line (start -1.35 -3.25) (end -1.35 3.25) (layer F.CrtYd) (width 0.05))
    (fp_line (start -0.655 1.08) (end -0.655 1.545) (layer F.SilkS) (width 0.12))
    (fp_line (start -0.655 -1.545) (end -0.655 -1.08) (layer F.SilkS) (width 0.12))
    (fp_line (start -0.595 -1.469694) (end -0.595 1.469694) (layer F.Fab) (width 0.1))
    (fp_circle (center 1.905 0) (end 4.405 0) (layer F.Fab) (width 0.1))
    (fp_arc (start 1.905 0) (end -0.349684 1.08) (angle -128.8) (layer F.SilkS) (width 0.12))
    (fp_arc (start 1.905 0) (end -0.349684 -1.08) (angle 128.8) (layer F.SilkS) (width 0.12))
    (fp_arc (start 1.905 0) (end -0.655 1.54483) (angle -127.7) (layer F.SilkS) (width 0.12))
    (fp_arc (start 1.905 0) (end -0.655 -1.54483) (angle 127.7) (layer F.SilkS) (width 0.12))
    (fp_arc (start 1.905 0) (end -0.595 -1.469694) (angle 299.1) (layer F.Fab) (width 0.1))
    (pad 4 thru_hole oval (at 3.81 0 90) (size 1.07 1.8) (drill 0.9) (layers *.Cu *.Mask)
      (net 12 "Net-(D10-Pad4)"))
    (pad 3 thru_hole oval (at 2.54 0 90) (size 1.07 1.8) (drill 0.9) (layers *.Cu *.Mask)
      (net 3 +5V))
    (pad 2 thru_hole oval (at 1.27 0 90) (size 1.07 1.8) (drill 0.9) (layers *.Cu *.Mask)
      (net 2 GND))
    (pad 1 thru_hole rect (at 0 0 90) (size 1.07 1.8) (drill 0.9) (layers *.Cu *.Mask)
      (net 13 "Net-(D10-Pad1)"))
    (model ${KISYS3DMOD}/LED_THT.3dshapes/LED_D5.0mm-4_RGB.wrl
      (at (xyz 0 0 0))
      (scale (xyz 1 1 1))
      (rotate (xyz 0 0 0))
    )
  )

  (module LED_THT:LED_D5.0mm-4_RGB (layer F.Cu) (tedit 5B74EEBE) (tstamp 5E1D4237)
    (at 104.14 133.35 90)
    (descr "LED, diameter 5.0mm, 2 pins, diameter 5.0mm, 3 pins, diameter 5.0mm, 4 pins, http://www.kingbright.com/attachments/file/psearch/000/00/00/L-154A4SUREQBFZGEW(Ver.9A).pdf")
    (tags "LED diameter 5.0mm 2 pins diameter 5.0mm 3 pins diameter 5.0mm 4 pins RGB RGBLED")
    (path /5E1D728F)
    (fp_text reference D11 (at 1.905 -3.96 90) (layer F.SilkS)
      (effects (font (size 1 1) (thickness 0.15)))
    )
    (fp_text value NeoPixel_THT (at 1.905 3.96 90) (layer F.Fab)
      (effects (font (size 1 1) (thickness 0.15)))
    )
    (fp_text user %R (at 1.905 -3.96 90) (layer F.Fab)
      (effects (font (size 1 1) (thickness 0.15)))
    )
    (fp_line (start 5.15 -3.25) (end -1.35 -3.25) (layer F.CrtYd) (width 0.05))
    (fp_line (start 5.15 3.25) (end 5.15 -3.25) (layer F.CrtYd) (width 0.05))
    (fp_line (start -1.35 3.25) (end 5.15 3.25) (layer F.CrtYd) (width 0.05))
    (fp_line (start -1.35 -3.25) (end -1.35 3.25) (layer F.CrtYd) (width 0.05))
    (fp_line (start -0.655 1.08) (end -0.655 1.545) (layer F.SilkS) (width 0.12))
    (fp_line (start -0.655 -1.545) (end -0.655 -1.08) (layer F.SilkS) (width 0.12))
    (fp_line (start -0.595 -1.469694) (end -0.595 1.469694) (layer F.Fab) (width 0.1))
    (fp_circle (center 1.905 0) (end 4.405 0) (layer F.Fab) (width 0.1))
    (fp_arc (start 1.905 0) (end -0.349684 1.08) (angle -128.8) (layer F.SilkS) (width 0.12))
    (fp_arc (start 1.905 0) (end -0.349684 -1.08) (angle 128.8) (layer F.SilkS) (width 0.12))
    (fp_arc (start 1.905 0) (end -0.655 1.54483) (angle -127.7) (layer F.SilkS) (width 0.12))
    (fp_arc (start 1.905 0) (end -0.655 -1.54483) (angle 127.7) (layer F.SilkS) (width 0.12))
    (fp_arc (start 1.905 0) (end -0.595 -1.469694) (angle 299.1) (layer F.Fab) (width 0.1))
    (pad 4 thru_hole oval (at 3.81 0 90) (size 1.07 1.8) (drill 0.9) (layers *.Cu *.Mask)
      (net 13 "Net-(D10-Pad1)"))
    (pad 3 thru_hole oval (at 2.54 0 90) (size 1.07 1.8) (drill 0.9) (layers *.Cu *.Mask)
      (net 3 +5V))
    (pad 2 thru_hole oval (at 1.27 0 90) (size 1.07 1.8) (drill 0.9) (layers *.Cu *.Mask)
      (net 2 GND))
    (pad 1 thru_hole rect (at 0 0 90) (size 1.07 1.8) (drill 0.9) (layers *.Cu *.Mask)
      (net 14 "Net-(D11-Pad1)"))
    (model ${KISYS3DMOD}/LED_THT.3dshapes/LED_D5.0mm-4_RGB.wrl
      (at (xyz 0 0 0))
      (scale (xyz 1 1 1))
      (rotate (xyz 0 0 0))
    )
  )

  (module LED_THT:LED_D5.0mm-4_RGB (layer F.Cu) (tedit 5B74EEBE) (tstamp 5E1D424D)
    (at 104.14 158.75 90)
    (descr "LED, diameter 5.0mm, 2 pins, diameter 5.0mm, 3 pins, diameter 5.0mm, 4 pins, http://www.kingbright.com/attachments/file/psearch/000/00/00/L-154A4SUREQBFZGEW(Ver.9A).pdf")
    (tags "LED diameter 5.0mm 2 pins diameter 5.0mm 3 pins diameter 5.0mm 4 pins RGB RGBLED")
    (path /5E1D7295)
    (fp_text reference D12 (at 1.905 -3.96 90) (layer F.SilkS)
      (effects (font (size 1 1) (thickness 0.15)))
    )
    (fp_text value NeoPixel_THT (at 1.905 3.96 90) (layer F.Fab)
      (effects (font (size 1 1) (thickness 0.15)))
    )
    (fp_text user %R (at 1.905 -3.96 90) (layer F.Fab)
      (effects (font (size 1 1) (thickness 0.15)))
    )
    (fp_line (start 5.15 -3.25) (end -1.35 -3.25) (layer F.CrtYd) (width 0.05))
    (fp_line (start 5.15 3.25) (end 5.15 -3.25) (layer F.CrtYd) (width 0.05))
    (fp_line (start -1.35 3.25) (end 5.15 3.25) (layer F.CrtYd) (width 0.05))
    (fp_line (start -1.35 -3.25) (end -1.35 3.25) (layer F.CrtYd) (width 0.05))
    (fp_line (start -0.655 1.08) (end -0.655 1.545) (layer F.SilkS) (width 0.12))
    (fp_line (start -0.655 -1.545) (end -0.655 -1.08) (layer F.SilkS) (width 0.12))
    (fp_line (start -0.595 -1.469694) (end -0.595 1.469694) (layer F.Fab) (width 0.1))
    (fp_circle (center 1.905 0) (end 4.405 0) (layer F.Fab) (width 0.1))
    (fp_arc (start 1.905 0) (end -0.349684 1.08) (angle -128.8) (layer F.SilkS) (width 0.12))
    (fp_arc (start 1.905 0) (end -0.349684 -1.08) (angle 128.8) (layer F.SilkS) (width 0.12))
    (fp_arc (start 1.905 0) (end -0.655 1.54483) (angle -127.7) (layer F.SilkS) (width 0.12))
    (fp_arc (start 1.905 0) (end -0.655 -1.54483) (angle 127.7) (layer F.SilkS) (width 0.12))
    (fp_arc (start 1.905 0) (end -0.595 -1.469694) (angle 299.1) (layer F.Fab) (width 0.1))
    (pad 4 thru_hole oval (at 3.81 0 90) (size 1.07 1.8) (drill 0.9) (layers *.Cu *.Mask)
      (net 14 "Net-(D11-Pad1)"))
    (pad 3 thru_hole oval (at 2.54 0 90) (size 1.07 1.8) (drill 0.9) (layers *.Cu *.Mask)
      (net 3 +5V))
    (pad 2 thru_hole oval (at 1.27 0 90) (size 1.07 1.8) (drill 0.9) (layers *.Cu *.Mask)
      (net 2 GND))
    (pad 1 thru_hole rect (at 0 0 90) (size 1.07 1.8) (drill 0.9) (layers *.Cu *.Mask)
      (net 15 "Net-(D12-Pad1)"))
    (model ${KISYS3DMOD}/LED_THT.3dshapes/LED_D5.0mm-4_RGB.wrl
      (at (xyz 0 0 0))
      (scale (xyz 1 1 1))
